# blastp
# Iteration: 0
# Query: contig_225_14 contig=contig_225 dist_to_16S=586bp strand=+
# RID: WB7RKP8C014
# Database: nr_cluster_seq
# Fields: query acc.ver, subject acc.ver, % identity, alignment length, mismatches, gap opens, q. start, q. end, s. start, s. end, evalue, bit score, % positives
# 101 hits found
contig_225_14	YP_010564914.1	96.364	110	4	0	2	111	59	168	8.55e-73	224	99.09
contig_225_14	UZA61461.1	95.455	110	5	0	2	111	23	132	5.37e-71	218	97.27
contig_225_14	XTB87008.1	98.182	110	2	0	2	111	307	416	1.60e-69	224	99.09
contig_225_14	NP_045800.2	96.364	110	4	0	2	111	352	461	6.59e-68	221	98.18
contig_225_14	QJE70469.1	95.455	110	5	0	2	111	377	486	8.45e-68	221	98.18
contig_225_14	YP_009019355.1	95.413	109	5	0	3	111	299	407	2.94e-67	218	98.17
contig_225_14	ASQ39813.1	89.091	110	12	0	2	111	364	473	8.81e-63	208	95.45
contig_225_14	WP_444832138.1	94.545	110	6	0	2	111	172	281	3.94e-61	198	97.27
contig_225_14	HEU0228370.1	93.636	110	7	0	2	111	187	296	2.29e-59	194	97.27
contig_225_14	ASA69137.1	91.818	110	9	0	2	111	33	142	5.91e-59	187	94.55
contig_225_14	KAJ4700347.1	90.909	110	10	0	2	111	68	177	1.78e-58	187	95.45
contig_225_14	AUH25659.1	90.909	110	10	0	2	111	48	157	2.43e-58	187	95.45
contig_225_14	KAL2943193.1	90.909	110	10	0	2	111	92	201	3.16e-58	188	95.45
contig_225_14	AAS67609.1	90.909	110	10	0	2	111	60	169	3.46e-58	187	94.55
contig_225_14	KAK4726939.1	89.091	110	12	0	2	111	9	118	3.88e-58	185	93.64
contig_225_14	YP_009541019.1	94.545	110	6	0	2	111	364	473	4.19e-58	196	97.27
contig_225_14	PRQ15712.1	90.000	110	11	0	2	111	82	191	7.68e-58	187	95.45
contig_225_14	XP_034700216.1	90.909	110	10	0	2	111	108	217	8.23e-58	187	95.45
contig_225_14	QHO16149.1	90.909	110	10	0	2	111	125	234	9.36e-58	188	95.45
contig_225_14	KAJ7940983.1	90.909	110	10	0	2	111	122	231	1.09e-57	187	95.45
contig_225_14	AEF01563.1	90.000	110	11	0	2	111	44	153	1.25e-57	185	94.55
contig_225_14	VFQ98539.1	91.818	110	9	0	2	111	208	317	1.29e-57	190	95.45
contig_225_14	KAJ4699718.1	90.909	110	10	0	2	111	128	237	1.36e-57	187	95.45
contig_225_14	TYH79863.1	90.000	110	11	0	2	111	94	203	1.41e-57	186	95.45
contig_225_14	KAL4324429.1	89.091	110	12	0	2	111	93	202	1.44e-57	186	93.64
contig_225_14	QHN96913.1	90.909	110	10	0	2	111	141	250	1.67e-57	188	95.45
contig_225_14	KAI3857863.1	90.000	110	11	0	2	111	9	118	1.78e-57	183	94.55
contig_225_14	XP_016198999.1	90.909	110	10	0	2	111	168	277	1.79e-57	189	95.45
contig_225_14	YP_010044977.1	92.727	110	8	0	2	111	298	407	1.85e-57	192	95.45
contig_225_14	XP_058764843.1	90.909	110	10	0	2	111	176	285	1.87e-57	189	95.45
contig_225_14	GMQ12497.1	89.091	110	12	0	2	111	23	132	2.29e-57	183	94.55
contig_225_14	YP_002601065.1	92.727	110	8	0	2	111	352	461	2.57e-57	193	97.27
contig_225_14	WAJ52845.1	90.909	110	10	0	2	111	157	266	3.46e-57	187	95.45
contig_225_14	PRQ15642.1	90.909	110	10	0	2	111	148	257	3.72e-57	187	95.45
contig_225_14	HAP97017.1	88.182	110	13	0	2	111	158	267	5.21e-57	187	96.36
contig_225_14	QGA85765.1	90.909	110	10	0	2	111	167	276	5.27e-57	187	95.45
contig_225_14	AUH25667.1	90.000	110	11	0	2	111	57	166	5.54e-57	184	94.55
contig_225_14	KAK8284112.1	90.909	110	10	0	2	111	148	257	5.62e-57	187	95.45
contig_225_14	YP_010892532.1	90.909	110	10	0	2	111	178	287	5.82e-57	187	95.45
contig_225_14	ARB51113.1	90.741	108	10	0	4	111	1	108	6.24e-57	181	95.37
contig_225_14	KAK2349868.1	90.909	110	10	0	2	111	177	286	7.93e-57	187	95.45
contig_225_14	WHM50564.1	90.909	110	10	0	2	111	179	288	8.12e-57	187	95.45
contig_225_14	XP_013608420.1	89.091	110	12	0	2	111	165	274	9.16e-57	187	95.45
contig_225_14	KAK2633366.1	90.909	110	10	0	2	111	208	317	1.03e-56	188	95.45
contig_225_14	CAL8817894.1	90.000	110	11	0	2	111	196	305	1.08e-56	187	95.45
contig_225_14	HEY9618286.1	89.091	110	12	0	2	111	83	192	1.24e-56	184	92.73
contig_225_14	XP_040951907.1	89.091	110	12	0	2	111	126	235	1.53e-56	185	93.64
contig_225_14	XLU67250.1	89.091	110	12	0	2	111	208	317	1.83e-56	187	94.55
contig_225_14	KAK8985145.1	90.741	108	10	0	4	111	9	116	1.91e-56	181	95.37
contig_225_14	KAJ6850033.1	90.909	110	10	0	2	111	208	317	2.20e-56	187	94.55
contig_225_14	CAK8578394.1	89.091	110	12	0	2	111	9	118	2.43e-56	180	93.64
contig_225_14	KAK9082274.1	90.000	110	11	0	2	111	198	307	2.61e-56	186	94.55
contig_225_14	KAK1577968.1	90.000	110	11	0	2	111	175	284	2.62e-56	186	95.45
contig_225_14	MBC6436228.1	88.182	110	13	0	2	111	9	118	2.65e-56	180	93.64
contig_225_14	YP_009526518.1	90.909	110	10	0	2	111	219	328	2.87e-56	187	95.45
contig_225_14	ADJ67447.1	90.654	107	10	0	5	111	1	107	2.90e-56	180	95.33
contig_225_14	GAC1471347.1	88.182	110	13	0	2	111	179	288	3.16e-56	186	93.64
contig_225_14	YP_010932559.1	90.000	110	11	0	2	111	298	407	3.85e-56	189	95.45
contig_225_14	KAK8931396.1	90.000	110	11	0	2	111	198	307	4.20e-56	186	94.55
contig_225_14	HEY9689786.1	86.364	110	15	0	2	111	63	172	5.43e-56	181	91.82
contig_225_14	CAL8822119.1	90.000	110	11	0	2	111	275	384	6.12e-56	188	95.45
contig_225_14	CAA7045497.1	90.000	110	11	0	2	111	262	371	6.32e-56	187	95.45
contig_225_14	XP_061344585.1	90.909	110	10	0	2	111	310	419	6.41e-56	189	95.45
contig_225_14	CAO7172542.1	90.909	110	10	0	2	111	265	374	7.59e-56	187	95.45
contig_225_14	YP_009673776.1	90.909	110	10	0	2	111	298	407	7.75e-56	188	95.45
contig_225_14	CAB4274706.1	90.909	110	10	0	2	111	277	386	9.69e-56	187	95.45
contig_225_14	KAB1208338.1	90.909	110	10	0	2	111	284	393	9.79e-56	187	95.45
contig_225_14	GAA0167839.1	90.909	110	10	0	2	111	287	396	1.02e-55	187	95.45
contig_225_14	KAK7297215.1	90.909	110	10	0	2	111	283	392	1.09e-55	187	95.45
contig_225_14	KAK9082309.1	90.000	110	11	0	2	111	208	317	1.10e-55	185	94.55
contig_225_14	XP_052116471.1	90.000	110	11	0	2	111	196	305	1.10e-55	185	94.55
contig_225_14	GMN67375.1	90.909	110	10	0	2	111	325	434	1.22e-55	188	95.45
contig_225_14	RZC86169.1	89.091	110	12	0	2	111	151	260	1.27e-55	183	93.64
contig_225_14	RZC86169.1	90.099	101	10	0	2	102	9	109	2.23e-50	170	95.05
contig_225_14	TYG65672.1	88.182	110	13	0	2	111	208	317	1.45e-55	185	93.64
contig_225_14	KAK9662654.1	90.909	110	10	0	2	111	296	405	1.57e-55	187	95.45
contig_225_14	CAL8676803.1	90.000	110	11	0	2	111	312	421	1.71e-55	187	95.45
contig_225_14	QGA85755.1	90.909	110	10	0	2	111	296	405	1.71e-55	187	95.45
contig_225_14	KAL0903028.1	89.091	110	12	0	2	111	172	281	1.74e-55	184	92.73
contig_225_14	YP_009057462.1	90.000	110	11	0	2	111	374	483	1.75e-55	189	94.55
contig_225_14	MCS7293760.1	87.273	110	14	0	2	111	268	377	1.82e-55	186	93.64
contig_225_14	YP_009256644.1	90.909	110	10	0	2	111	364	473	1.91e-55	189	94.55
contig_225_14	KAK8518088.1	88.182	110	13	0	2	111	75	184	2.08e-55	180	93.64
contig_225_14	YP_009469985.1	90.909	110	10	0	2	111	298	407	2.25e-55	187	94.55
contig_225_14	MFN5857465.1	85.455	110	16	0	2	111	69	178	2.39e-55	180	91.82
contig_225_14	AST09027.1	90.000	110	11	0	2	111	334	443	2.43e-55	188	95.45
contig_225_14	MHL9434524.1	88.182	110	13	0	2	111	156	265	2.43e-55	183	93.64
contig_225_14	XDT57787.1	90.909	110	10	0	2	111	316	425	2.45e-55	187	95.45
contig_225_14	KAF1865279.1	90.909	110	10	0	2	111	323	432	2.50e-55	187	95.45
contig_225_14	KAL4009804.1	90.000	110	11	0	2	111	241	350	2.81e-55	185	94.55
contig_225_14	YP_009673717.1	90.909	110	10	0	2	111	364	473	3.63e-55	188	94.55
contig_225_14	QGA85781.1	90.000	110	11	0	2	111	306	415	4.13e-55	186	95.45
contig_225_14	KAL9658857.1	90.909	110	10	0	2	111	380	489	4.26e-55	188	95.45
contig_225_14	GMN29021.1	90.909	110	10	0	2	111	380	489	4.79e-55	188	95.45
contig_225_14	CAO7186147.1	90.909	110	10	0	2	111	379	488	4.85e-55	188	95.45
contig_225_14	ASR92748.1	90.909	110	10	0	2	111	364	473	4.95e-55	188	95.45
contig_225_14	CAL8673542.1	90.000	110	11	0	2	111	324	433	5.09e-55	187	95.45
contig_225_14	NP_904095.1	90.909	110	10	0	2	111	364	473	6.00e-55	187	95.45
contig_225_14	WP_071518276.1	90.000	110	11	0	2	111	353	462	6.90e-55	187	94.55
contig_225_14	MHL1512160.1	89.091	110	12	0	2	111	196	305	7.87e-55	182	93.64
contig_225_14	NP_683824.3	90.000	110	11	0	2	111	352	461	8.55e-55	187	94.55
# blastp
# Iteration: 0
# Query: contig_225_15 contig=contig_225 dist_to_16S=1247bp strand=-
# RID: WB7RKP8C014
# Database: nr_cluster_seq
# Fields: query acc.ver, subject acc.ver, % identity, alignment length, mismatches, gap opens, q. start, q. end, s. start, s. end, evalue, bit score, % positives
# 94 hits found
contig_225_15	CAL6436292.1	55.556	99	44	0	16	114	3	101	6.29e-24	101	64.65
contig_225_15	AGB85039.1	52.632	95	35	3	42	129	8	99	3.15e-18	84.7	65.26
contig_225_15	WOG80944.1	64.706	68	23	1	24	91	73	139	3.65e-17	82.8	70.59
contig_225_15	KAK9907875.1	64.706	68	23	1	24	91	64	130	7.06e-17	81.6	70.59
contig_225_15	KAH1090460.1	64.706	68	23	1	24	91	90	156	1.09e-16	82.0	70.59
contig_225_15	KAL8265074.1	64.706	68	23	1	24	91	110	176	1.24e-16	82.4	70.59
contig_225_15	KAJ7942008.1	64.706	68	23	1	24	91	123	189	1.61e-16	82.4	70.59
contig_225_15	KAN1332915.1	63.889	72	24	2	20	91	241	310	2.47e-16	84.3	72.22
contig_225_15	KAL7154735.1	63.235	68	24	1	24	91	85	151	2.67e-16	80.9	69.12
contig_225_15	KAL7144051.1	63.235	68	24	1	24	91	63	129	6.04e-16	79.3	69.12
contig_225_15	WMB96738.1	57.647	85	29	3	10	88	1	84	7.65e-16	78.6	62.35
contig_225_15	KAN1349663.1	63.889	72	24	2	20	91	286	355	8.13e-16	83.2	70.83
contig_225_15	KAK7296091.1	65.152	66	22	1	26	91	155	219	8.35e-16	81.3	71.21
contig_225_15	KAK7325451.1	64.706	68	23	1	24	91	226	292	2.15e-15	81.3	70.59
contig_225_15	CAN5009041.1	65.152	66	22	1	26	91	208	272	2.20e-15	81.3	71.21
contig_225_15	KAG8369105.1	63.235	68	24	1	24	91	93	159	3.65e-15	78.2	69.12
contig_225_15	KAJ9535576.1	64.706	68	23	1	24	91	292	358	3.89e-15	82.0	70.59
contig_225_15	KAJ3667557.1	65.152	66	22	1	26	91	201	265	5.55e-15	79.7	71.21
contig_225_15	KAJ3678909.1	63.768	69	18	2	26	91	187	251	8.32e-15	79.3	71.01
contig_225_15	KAJ3668789.1	65.152	66	22	1	26	91	243	307	9.47e-15	79.7	71.21
contig_225_15	KAJ3670501.1	63.768	69	18	2	26	91	283	347	1.33e-14	79.7	71.01
contig_225_15	XP_024317467.1	63.235	68	24	1	24	91	338	404	1.67e-14	80.1	69.12
contig_225_15	KAG6483622.1	58.025	81	30	2	24	104	283	359	1.93e-14	80.1	62.96
contig_225_15	XLR00159.1	63.492	63	22	1	24	86	53	114	2.00e-14	75.1	69.84
contig_225_15	KAG6467616.1	58.025	81	30	2	24	104	253	329	2.40e-14	79.7	62.96
contig_225_15	KAJ0567834.1	64.062	64	22	1	29	92	56	118	5.53e-14	73.9	68.75
contig_225_15	CAL6437890.1	60.000	65	26	0	53	117	22	86	5.93e-14	73.6	70.77
contig_225_15	PWA66907.1	63.492	63	22	1	24	86	47	108	8.36e-14	75.1	68.25
contig_225_15	KAL8463056.1	61.765	68	25	1	24	91	494	560	9.83e-14	78.2	70.59
contig_225_15	KAK7321987.1	65.079	63	21	1	24	86	264	325	3.12e-13	76.3	69.84
contig_225_15	CAA0842901.1	58.824	68	27	1	24	91	162	228	3.90e-13	74.3	67.65
contig_225_15	KAF1876777.1	65.079	63	21	1	29	91	231	292	9.14e-13	74.3	69.84
contig_225_15	KAF1855277.1	65.079	63	21	1	29	91	271	332	1.13e-12	74.3	69.84
contig_225_15	XLU98253.1	67.241	58	18	1	29	86	45	101	1.16e-12	72.4	70.69
contig_225_15	ACO03284.1	51.471	68	33	0	47	114	51	118	1.50e-12	71.2	61.76
contig_225_15	MBA0569723.1	57.353	68	28	1	24	91	123	189	7.11e-12	70.5	66.18
contig_225_15	TYH76817.1	56.164	73	31	1	17	89	317	388	1.11e-11	72.4	63.01
contig_225_15	VDD60622.1	60.317	63	22	2	24	86	26	85	1.91e-11	68.2	65.08
contig_225_15	TYI30076.1	61.905	63	23	1	24	86	338	399	2.51e-11	71.2	65.08
contig_225_15	SPU41190.1	55.556	63	28	0	54	116	4	66	6.47e-11	68.9	65.08
contig_225_15	VWQ30090.1	55.556	63	28	0	54	116	4	66	1.23e-10	69.3	65.08
contig_225_15	KAJ7941392.1	64.286	56	19	1	24	79	123	177	1.88e-10	66.6	69.64
contig_225_15	PPD75959.1	50.617	81	36	2	14	91	61	140	5.92e-10	64.3	59.26
contig_225_15	GAD81568.1	58.929	56	23	0	59	114	2	57	1.43e-09	60.8	69.64
contig_225_15	CWB19287.1	62.500	56	21	0	59	114	2	57	2.30e-09	63.9	71.43
contig_225_15	AOE14185.1	55.357	56	25	0	59	114	2	57	2.48e-09	60.5	69.64
contig_225_15	KAN0161455.1	41.111	90	53	0	25	114	3	92	2.83e-09	61.6	52.22
contig_225_15	EID19494.1	62.500	56	21	0	59	114	2	57	3.44e-09	63.9	71.43
contig_225_15	CAL9459910.1	52.941	68	31	1	59	125	2	69	1.14e-08	63.5	63.24
contig_225_15	EDP76601.1	45.000	60	33	0	59	118	2	61	1.19e-08	59.3	63.33
contig_225_15	AOE09237.1	52.542	59	28	0	59	117	2	60	5.28e-08	57.8	61.02
contig_225_15	MBA0682474.1	53.623	69	29	2	24	91	53	119	5.92e-08	58.5	59.42
contig_225_15	CAB0595820.1	59.615	52	21	0	59	110	2	53	6.43e-08	59.7	71.15
contig_225_15	KAH0982976.1	50.746	67	33	0	25	91	47	113	6.56e-08	58.2	61.19
contig_225_15	VNI85500.1	63.462	52	19	0	59	110	2	53	8.27e-08	60.1	73.08
contig_225_15	KAL4319637.1	58.333	60	24	1	24	83	50	108	8.47e-08	57.8	63.33
contig_225_15	CAB0575543.1	59.615	52	21	0	59	110	2	53	9.34e-08	59.3	71.15
contig_225_15	TYI86976.1	48.276	87	28	3	9	89	322	397	9.64e-08	60.8	52.87
contig_225_15	KAL5563779.1	75.676	37	9	0	55	91	194	230	1.10e-07	59.7	81.08
contig_225_15	KAK7370486.1	46.753	77	32	2	24	92	120	195	1.51e-07	59.7	58.44
contig_225_15	CAB0575067.1	59.615	52	21	0	59	110	2	53	1.77e-07	59.3	71.15
contig_225_15	CAH0320868.1	61.538	52	20	0	59	110	2	53	1.87e-07	59.3	71.15
contig_225_15	XLR35975.1	60.377	53	20	1	34	86	37	88	3.03e-07	58.2	67.92
contig_225_15	KAG5007092.1	59.649	57	22	1	29	85	290	345	3.32e-07	59.3	64.91
contig_225_15	KAH1096566.1	72.973	37	10	0	55	91	117	153	3.49e-07	57.4	81.08
contig_225_15	CAL9516026.1	57.692	52	22	0	59	110	2	53	8.90e-07	57.8	67.31
contig_225_15	AOE14169.1	51.786	56	27	0	59	114	2	57	1.51e-06	53.1	58.93
contig_225_15	XLU64166.1	54.237	59	26	1	24	82	412	469	3.53e-06	56.6	62.71
contig_225_15	EYU39875.1	78.125	32	7	0	55	86	56	87	5.30e-06	52.8	78.12
contig_225_15	CAL8671180.1	60.417	48	18	1	24	71	417	463	1.63e-05	54.7	68.75
contig_225_15	VDH18023.1	53.571	56	26	0	59	114	2	57	1.68e-05	52.4	60.71
contig_225_15	KAK7400932.1	55.556	54	23	1	55	108	13	65	1.77e-05	52.0	59.26
contig_225_15	TNV71297.1	54.902	51	23	0	60	110	10	60	2.82e-05	53.1	66.67
contig_225_15	GEU30309.1	63.636	44	15	1	24	67	356	398	3.13e-05	53.9	70.45
contig_225_15	AOE06530.1	49.153	59	30	0	59	117	2	60	4.34e-05	50.1	55.93
contig_225_15	AOE05672.1	48.214	56	29	0	59	114	2	57	1.17e-04	48.5	58.93
contig_225_15	AOE06115.1	48.214	56	29	0	59	114	2	57	1.28e-04	48.1	58.93
contig_225_15	SCQ72472.1	51.667	60	29	0	59	118	2	61	1.49e-04	51.6	58.33
contig_225_15	CAK7052104.1	45.205	73	40	0	59	131	2	74	2.39e-04	49.3	54.79
contig_225_15	EFD12915.1	62.500	40	15	0	71	110	1	40	2.69e-04	49.3	72.50
contig_225_15	CAN0203961.1	47.761	67	32	1	59	125	2	65	2.89e-04	49.3	55.22
contig_225_15	KAK8985154.1	60.000	45	17	1	24	68	337	380	5.19e-04	50.1	64.44
contig_225_15	XIJ73056.1	40.000	75	45	0	36	110	60	134	5.84e-04	48.5	50.67
contig_225_15	PIN17982.1	67.568	37	12	0	55	91	228	264	7.34e-04	49.7	72.97
contig_225_15	XP_028799215.1	41.111	90	30	4	26	110	160	231	0.002	47.8	46.67
contig_225_15	KAK7301924.1	54.762	42	19	0	88	129	95	136	0.003	46.6	69.05
contig_225_15	GAV76609.1	60.526	38	15	0	94	131	1	38	0.005	44.7	71.05
contig_225_15	EEA89302.1	48.276	58	29	1	70	126	2	59	0.007	47.0	53.45
contig_225_15	KAF3615857.1	61.111	36	14	0	51	86	213	248	0.008	46.6	75.00
contig_225_15	VVW91274.1	63.636	33	12	0	94	126	1	33	0.009	42.7	75.76
contig_225_15	CAN0096239.1	73.077	26	7	0	22	47	109	134	0.016	44.7	76.92
contig_225_15	AOE11736.1	53.333	45	21	0	70	114	2	46	0.017	42.7	60.00
contig_225_15	KJB09728.1	62.857	35	13	0	95	129	46	80	0.018	43.1	71.43
contig_225_15	CUP11869.1	42.857	56	32	0	59	114	2	57	0.047	42.7	57.14
# blastp
# Iteration: 0
# Query: contig_225_16 contig=contig_225 dist_to_16S=1778bp strand=+
# RID: WB7RKP8C014
# Database: nr_cluster_seq
# blastp
# Iteration: 0
# Query: contig_227_48 contig=contig_227 dist_to_16S=1777bp strand=-
# RID: WB7RKP8C014
# Database: nr_cluster_seq
# blastp
# Iteration: 0
# Query: contig_227_49 contig=contig_227 dist_to_16S=1246bp strand=+
# RID: WB7RKP8C014
# Database: nr_cluster_seq
# Fields: query acc.ver, subject acc.ver, % identity, alignment length, mismatches, gap opens, q. start, q. end, s. start, s. end, evalue, bit score, % positives
# 94 hits found
contig_227_49	CAL6436292.1	55.556	99	44	0	16	114	3	101	6.29e-24	101	64.65
contig_227_49	AGB85039.1	52.632	95	35	3	42	129	8	99	3.15e-18	84.7	65.26
contig_227_49	WOG80944.1	64.706	68	23	1	24	91	73	139	3.65e-17	82.8	70.59
contig_227_49	KAK9907875.1	64.706	68	23	1	24	91	64	130	7.06e-17	81.6	70.59
contig_227_49	KAH1090460.1	64.706	68	23	1	24	91	90	156	1.09e-16	82.0	70.59
contig_227_49	KAL8265074.1	64.706	68	23	1	24	91	110	176	1.24e-16	82.4	70.59
contig_227_49	KAJ7942008.1	64.706	68	23	1	24	91	123	189	1.61e-16	82.4	70.59
contig_227_49	KAN1332915.1	63.889	72	24	2	20	91	241	310	2.47e-16	84.3	72.22
contig_227_49	KAL7154735.1	63.235	68	24	1	24	91	85	151	2.67e-16	80.9	69.12
contig_227_49	KAL7144051.1	63.235	68	24	1	24	91	63	129	6.04e-16	79.3	69.12
contig_227_49	WMB96738.1	57.647	85	29	3	10	88	1	84	7.65e-16	78.6	62.35
contig_227_49	KAN1349663.1	63.889	72	24	2	20	91	286	355	8.13e-16	83.2	70.83
contig_227_49	KAK7296091.1	65.152	66	22	1	26	91	155	219	8.35e-16	81.3	71.21
contig_227_49	KAK7325451.1	64.706	68	23	1	24	91	226	292	2.15e-15	81.3	70.59
contig_227_49	CAN5009041.1	65.152	66	22	1	26	91	208	272	2.20e-15	81.3	71.21
contig_227_49	KAG8369105.1	63.235	68	24	1	24	91	93	159	3.65e-15	78.2	69.12
contig_227_49	KAJ9535576.1	64.706	68	23	1	24	91	292	358	3.89e-15	82.0	70.59
contig_227_49	KAJ3667557.1	65.152	66	22	1	26	91	201	265	5.55e-15	79.7	71.21
contig_227_49	KAJ3678909.1	63.768	69	18	2	26	91	187	251	8.32e-15	79.3	71.01
contig_227_49	KAJ3668789.1	65.152	66	22	1	26	91	243	307	9.47e-15	79.7	71.21
contig_227_49	KAJ3670501.1	63.768	69	18	2	26	91	283	347	1.33e-14	79.7	71.01
contig_227_49	XP_024317467.1	63.235	68	24	1	24	91	338	404	1.67e-14	80.1	69.12
contig_227_49	KAG6483622.1	58.025	81	30	2	24	104	283	359	1.93e-14	80.1	62.96
contig_227_49	XLR00159.1	63.492	63	22	1	24	86	53	114	2.00e-14	75.1	69.84
contig_227_49	KAG6467616.1	58.025	81	30	2	24	104	253	329	2.40e-14	79.7	62.96
contig_227_49	KAJ0567834.1	64.062	64	22	1	29	92	56	118	5.53e-14	73.9	68.75
contig_227_49	CAL6437890.1	60.000	65	26	0	53	117	22	86	5.93e-14	73.6	70.77
contig_227_49	PWA66907.1	63.492	63	22	1	24	86	47	108	8.36e-14	75.1	68.25
contig_227_49	KAL8463056.1	61.765	68	25	1	24	91	494	560	9.83e-14	78.2	70.59
contig_227_49	KAK7321987.1	65.079	63	21	1	24	86	264	325	3.12e-13	76.3	69.84
contig_227_49	CAA0842901.1	58.824	68	27	1	24	91	162	228	3.90e-13	74.3	67.65
contig_227_49	KAF1876777.1	65.079	63	21	1	29	91	231	292	9.14e-13	74.3	69.84
contig_227_49	KAF1855277.1	65.079	63	21	1	29	91	271	332	1.13e-12	74.3	69.84
contig_227_49	XLU98253.1	67.241	58	18	1	29	86	45	101	1.16e-12	72.4	70.69
contig_227_49	ACO03284.1	51.471	68	33	0	47	114	51	118	1.50e-12	71.2	61.76
contig_227_49	MBA0569723.1	57.353	68	28	1	24	91	123	189	7.11e-12	70.5	66.18
contig_227_49	TYH76817.1	56.164	73	31	1	17	89	317	388	1.11e-11	72.4	63.01
contig_227_49	VDD60622.1	60.317	63	22	2	24	86	26	85	1.91e-11	68.2	65.08
contig_227_49	TYI30076.1	61.905	63	23	1	24	86	338	399	2.51e-11	71.2	65.08
contig_227_49	SPU41190.1	55.556	63	28	0	54	116	4	66	6.47e-11	68.9	65.08
contig_227_49	VWQ30090.1	55.556	63	28	0	54	116	4	66	1.23e-10	69.3	65.08
contig_227_49	KAJ7941392.1	64.286	56	19	1	24	79	123	177	1.88e-10	66.6	69.64
contig_227_49	PPD75959.1	50.617	81	36	2	14	91	61	140	5.92e-10	64.3	59.26
contig_227_49	GAD81568.1	58.929	56	23	0	59	114	2	57	1.43e-09	60.8	69.64
contig_227_49	CWB19287.1	62.500	56	21	0	59	114	2	57	2.30e-09	63.9	71.43
contig_227_49	AOE14185.1	55.357	56	25	0	59	114	2	57	2.48e-09	60.5	69.64
contig_227_49	KAN0161455.1	41.111	90	53	0	25	114	3	92	2.83e-09	61.6	52.22
contig_227_49	EID19494.1	62.500	56	21	0	59	114	2	57	3.44e-09	63.9	71.43
contig_227_49	CAL9459910.1	52.941	68	31	1	59	125	2	69	1.14e-08	63.5	63.24
contig_227_49	EDP76601.1	45.000	60	33	0	59	118	2	61	1.19e-08	59.3	63.33
contig_227_49	AOE09237.1	52.542	59	28	0	59	117	2	60	5.28e-08	57.8	61.02
contig_227_49	MBA0682474.1	53.623	69	29	2	24	91	53	119	5.92e-08	58.5	59.42
contig_227_49	CAB0595820.1	59.615	52	21	0	59	110	2	53	6.43e-08	59.7	71.15
contig_227_49	KAH0982976.1	50.746	67	33	0	25	91	47	113	6.56e-08	58.2	61.19
contig_227_49	VNI85500.1	63.462	52	19	0	59	110	2	53	8.27e-08	60.1	73.08
contig_227_49	KAL4319637.1	58.333	60	24	1	24	83	50	108	8.47e-08	57.8	63.33
contig_227_49	CAB0575543.1	59.615	52	21	0	59	110	2	53	9.34e-08	59.3	71.15
contig_227_49	TYI86976.1	48.276	87	28	3	9	89	322	397	9.64e-08	60.8	52.87
contig_227_49	KAL5563779.1	75.676	37	9	0	55	91	194	230	1.10e-07	59.7	81.08
contig_227_49	KAK7370486.1	46.753	77	32	2	24	92	120	195	1.51e-07	59.7	58.44
contig_227_49	CAB0575067.1	59.615	52	21	0	59	110	2	53	1.77e-07	59.3	71.15
contig_227_49	CAH0320868.1	61.538	52	20	0	59	110	2	53	1.87e-07	59.3	71.15
contig_227_49	XLR35975.1	60.377	53	20	1	34	86	37	88	3.03e-07	58.2	67.92
contig_227_49	KAG5007092.1	59.649	57	22	1	29	85	290	345	3.32e-07	59.3	64.91
contig_227_49	KAH1096566.1	72.973	37	10	0	55	91	117	153	3.49e-07	57.4	81.08
contig_227_49	CAL9516026.1	57.692	52	22	0	59	110	2	53	8.90e-07	57.8	67.31
contig_227_49	AOE14169.1	51.786	56	27	0	59	114	2	57	1.51e-06	53.1	58.93
contig_227_49	XLU64166.1	54.237	59	26	1	24	82	412	469	3.53e-06	56.6	62.71
contig_227_49	EYU39875.1	78.125	32	7	0	55	86	56	87	5.30e-06	52.8	78.12
contig_227_49	CAL8671180.1	60.417	48	18	1	24	71	417	463	1.63e-05	54.7	68.75
contig_227_49	VDH18023.1	53.571	56	26	0	59	114	2	57	1.68e-05	52.4	60.71
contig_227_49	KAK7400932.1	55.556	54	23	1	55	108	13	65	1.77e-05	52.0	59.26
contig_227_49	TNV71297.1	54.902	51	23	0	60	110	10	60	2.82e-05	53.1	66.67
contig_227_49	GEU30309.1	63.636	44	15	1	24	67	356	398	3.13e-05	53.9	70.45
contig_227_49	AOE06530.1	49.153	59	30	0	59	117	2	60	4.34e-05	50.1	55.93
contig_227_49	AOE05672.1	48.214	56	29	0	59	114	2	57	1.17e-04	48.5	58.93
contig_227_49	AOE06115.1	48.214	56	29	0	59	114	2	57	1.28e-04	48.1	58.93
contig_227_49	SCQ72472.1	51.667	60	29	0	59	118	2	61	1.49e-04	51.6	58.33
contig_227_49	CAK7052104.1	45.205	73	40	0	59	131	2	74	2.39e-04	49.3	54.79
contig_227_49	EFD12915.1	62.500	40	15	0	71	110	1	40	2.69e-04	49.3	72.50
contig_227_49	CAN0203961.1	47.761	67	32	1	59	125	2	65	2.89e-04	49.3	55.22
contig_227_49	KAK8985154.1	60.000	45	17	1	24	68	337	380	5.19e-04	50.1	64.44
contig_227_49	XIJ73056.1	40.000	75	45	0	36	110	60	134	5.84e-04	48.5	50.67
contig_227_49	PIN17982.1	67.568	37	12	0	55	91	228	264	7.34e-04	49.7	72.97
contig_227_49	XP_028799215.1	41.111	90	30	4	26	110	160	231	0.002	47.8	46.67
contig_227_49	KAK7301924.1	54.762	42	19	0	88	129	95	136	0.003	46.6	69.05
contig_227_49	GAV76609.1	60.526	38	15	0	94	131	1	38	0.005	44.7	71.05
contig_227_49	EEA89302.1	48.276	58	29	1	70	126	2	59	0.007	47.0	53.45
contig_227_49	KAF3615857.1	61.111	36	14	0	51	86	213	248	0.008	46.6	75.00
contig_227_49	VVW91274.1	63.636	33	12	0	94	126	1	33	0.009	42.7	75.76
contig_227_49	CAN0096239.1	73.077	26	7	0	22	47	109	134	0.016	44.7	76.92
contig_227_49	AOE11736.1	53.333	45	21	0	70	114	2	46	0.017	42.7	60.00
contig_227_49	KJB09728.1	62.857	35	13	0	95	129	46	80	0.018	43.1	71.43
contig_227_49	CUP11869.1	42.857	56	32	0	59	114	2	57	0.047	42.7	57.14
# blastp
# Iteration: 0
# Query: contig_531_1 contig=contig_531 dist_to_16S=165bp strand=+
# RID: WB7RKP8C014
# Database: nr_cluster_seq
# Fields: query acc.ver, subject acc.ver, % identity, alignment length, mismatches, gap opens, q. start, q. end, s. start, s. end, evalue, bit score, % positives
# 100 hits found
contig_531_1	CAP2980638.1	55.172	58	25	1	85	142	25	81	9.87e-11	65.1	70.69
contig_531_1	XBJ01089.1	55.172	58	25	1	85	142	54	110	1.14e-10	65.9	70.69
contig_531_1	KAL5196365.1	55.172	58	25	1	85	142	50	106	1.19e-10	65.5	70.69
contig_531_1	WEB51417.1	55.172	58	25	1	85	142	60	116	1.57e-10	66.2	70.69
contig_531_1	VAI61300.1	48.611	72	34	2	72	141	4	74	5.65e-10	62.8	65.28
contig_531_1	XBH82034.1	53.448	58	26	1	85	142	108	164	1.20e-09	64.3	70.69
contig_531_1	KAJ1266722.1	53.448	58	26	1	85	142	58	114	1.20e-09	63.2	68.97
contig_531_1	THU58471.1	41.935	93	43	2	50	131	50	142	1.32e-09	64.3	52.69
contig_531_1	KAL9162517.1	58.182	55	23	0	85	139	23	77	6.30e-09	60.8	69.09
contig_531_1	KAF7063997.1	53.448	58	26	1	85	142	62	118	6.37e-09	61.6	68.97
contig_531_1	TYG77965.1	50.000	62	30	1	80	140	17	78	7.73e-09	61.6	67.74
contig_531_1	TYI91820.1	46.970	66	35	0	75	140	13	78	9.17e-09	62.0	60.61
contig_531_1	GFP98940.1	61.702	47	18	0	85	131	626	672	1.10e-08	63.9	70.21
contig_531_1	KAF7028968.1	61.364	44	17	0	85	128	32	75	1.33e-08	59.7	75.00
contig_531_1	MBA0858152.1	54.839	62	26	1	78	137	81	142	1.47e-08	60.8	66.13
contig_531_1	CAN6458801.1	61.702	47	18	0	85	131	27	73	1.59e-08	59.7	72.34
contig_531_1	THU42411.1	54.545	55	25	0	85	139	25	79	1.92e-08	60.8	67.27
contig_531_1	KAK8959622.1	59.574	47	19	0	85	131	25	71	1.99e-08	58.9	72.34
contig_531_1	KAF6147971.1	61.702	47	18	0	85	131	25	71	2.00e-08	60.1	72.34
contig_531_1	THU42575.1	61.702	47	18	0	85	131	25	71	2.43e-08	59.3	72.34
contig_531_1	THU42788.1	61.702	47	18	0	85	131	107	153	2.62e-08	61.2	72.34
contig_531_1	KAF2948871.1	51.724	58	27	1	85	142	90	146	2.74e-08	60.5	68.97
contig_531_1	KAL7203420.1	54.545	55	25	0	85	139	90	144	3.62e-08	60.5	67.27
contig_531_1	KAJ3669745.1	40.000	95	41	2	53	131	22	116	3.66e-08	60.1	48.42
contig_531_1	THU43404.1	54.545	55	25	0	85	139	25	79	3.73e-08	59.3	67.27
contig_531_1	CAN8727549.1	53.571	56	26	0	85	140	62	117	3.97e-08	59.7	64.29
contig_531_1	PVH31994.1	61.905	42	16	0	85	126	70	111	4.10e-08	58.9	76.19
contig_531_1	WOG80923.1	45.783	83	36	1	57	139	179	252	4.33e-08	61.6	54.22
contig_531_1	EMS45619.1	52.830	53	24	1	90	142	1	52	4.35e-08	57.4	67.92
contig_531_1	KAK9080990.1	61.702	47	18	0	85	131	107	153	4.42e-08	60.5	72.34
contig_531_1	KAJ3678996.1	44.444	81	35	1	61	131	38	118	4.55e-08	59.7	53.09
contig_531_1	KAK9081068.1	61.702	47	18	0	85	131	173	219	4.74e-08	61.2	72.34
contig_531_1	PUZ60666.1	61.905	42	16	0	85	126	54	95	4.78e-08	58.5	76.19
contig_531_1	KAJ6969257.1	51.786	56	27	0	85	140	10	65	6.39e-08	57.4	64.29
contig_531_1	PUZ69695.1	61.905	42	16	0	85	126	25	66	6.42e-08	57.4	76.19
contig_531_1	VAI75373.1	50.000	58	28	1	85	142	54	110	7.00e-08	58.5	67.24
contig_531_1	EPS74525.1	61.702	47	18	0	85	131	82	128	7.78e-08	58.9	70.21
contig_531_1	KAI7980020.1	41.414	99	45	3	55	140	111	209	8.16e-08	60.5	51.52
contig_531_1	KAJ4731160.1	45.946	74	30	1	76	139	6	79	8.89e-08	58.2	54.05
contig_531_1	KAL7191098.1	61.702	47	18	0	85	131	25	71	9.23e-08	57.4	68.09
contig_531_1	KAL5196371.1	61.905	42	16	0	85	126	25	66	9.87e-08	57.4	76.19
contig_531_1	KAK9081051.1	61.702	47	18	0	85	131	151	197	9.88e-08	60.1	72.34
contig_531_1	KAK9081056.1	61.702	47	18	0	85	131	141	187	1.03e-07	60.1	72.34
contig_531_1	TYG52809.1	41.026	78	40	2	65	140	3	76	1.05e-07	58.5	56.41
contig_531_1	KAK8963531.1	57.447	47	20	0	85	131	60	106	1.31e-07	58.2	70.21
contig_531_1	KAK9082293.1	61.702	47	18	0	85	131	204	250	1.40e-07	60.5	72.34
contig_531_1	KAL5697093.1	53.571	56	26	0	85	140	166	221	1.47e-07	60.1	66.07
contig_531_1	XP_028077757.1	56.604	53	23	0	85	137	296	348	1.50e-07	60.5	69.81
contig_531_1	KAK9080968.1	61.702	47	18	0	85	131	180	226	1.51e-07	60.1	72.34
contig_531_1	KAJ1682094.1	48.529	68	25	1	74	131	21	88	1.54e-07	57.8	57.35
contig_531_1	TYH52816.1	50.000	56	28	0	85	140	3	58	1.67e-07	57.4	66.07
contig_531_1	KAL6312200.1	61.702	47	18	0	85	131	67	113	1.68e-07	58.2	72.34
contig_531_1	KAF6142935.1	50.909	55	27	0	85	139	30	84	1.76e-07	57.0	63.64
contig_531_1	KAJ4731069.1	44.737	76	32	1	74	139	4	79	1.77e-07	57.4	53.95
contig_531_1	KAK9080987.1	61.702	47	18	0	85	131	187	233	1.84e-07	59.7	72.34
contig_531_1	CAH9120481.1	59.574	47	19	0	85	131	40	86	1.96e-07	57.4	70.21
contig_531_1	KAJ4733162.1	44.737	76	32	1	74	139	4	79	2.24e-07	57.8	53.95
contig_531_1	THG14058.1	40.659	91	42	3	62	140	39	129	2.30e-07	57.8	51.65
contig_531_1	KAL1355995.1	40.741	108	47	4	40	131	23	129	2.48e-07	57.4	47.22
contig_531_1	OVA05688.1	61.702	47	18	0	85	131	436	482	2.53e-07	60.1	72.34
contig_531_1	KAK9081073.1	53.571	56	26	0	85	140	144	199	2.65e-07	58.9	66.07
contig_531_1	PHT39800.1	61.702	47	18	0	85	131	75	121	2.69e-07	57.8	70.21
contig_531_1	KAB2066256.1	52.727	55	26	0	85	139	8	62	2.86e-07	57.4	67.27
contig_531_1	KAL3618278.1	61.702	47	18	0	85	131	254	300	3.10e-07	59.7	70.21
contig_531_1	CAK8575163.1	59.574	47	19	0	85	131	25	71	3.35e-07	57.4	72.34
contig_531_1	KAI5019124.1	59.091	44	18	0	85	128	25	68	3.45e-07	55.8	72.73
contig_531_1	KEH17695.1	61.702	47	18	0	85	131	140	186	3.47e-07	58.5	72.34
contig_531_1	KAK9080972.1	61.702	47	18	0	85	131	427	473	4.03e-07	59.7	72.34
contig_531_1	KAK9082288.1	54.545	55	25	0	85	139	370	424	4.05e-07	59.7	67.27
contig_531_1	KAK8594392.1	51.786	56	27	0	85	140	124	179	4.81e-07	58.2	66.07
contig_531_1	KAK8491354.1	54.717	53	24	0	85	137	89	141	5.77e-07	57.0	67.92
contig_531_1	KAL8157970.1	46.667	75	31	1	57	131	95	160	5.80e-07	57.8	54.67
contig_531_1	KAF2282337.1	54.545	55	25	0	85	139	73	127	6.60e-07	56.6	65.45
contig_531_1	KAH7446445.1	44.872	78	37	2	50	124	25	99	7.54e-07	55.5	52.56
contig_531_1	KAJ7941006.1	59.574	47	19	0	85	131	71	117	7.60e-07	56.6	70.21
contig_531_1	KAJ7942043.1	59.574	47	19	0	85	131	98	144	9.18e-07	57.0	70.21
contig_531_1	KAL4284441.1	38.679	106	58	2	40	139	91	195	1.09e-06	57.4	48.11
contig_531_1	KAK8278524.1	41.379	87	40	2	56	140	14	91	1.24e-06	55.1	52.87
contig_531_1	CAN6462259.1	49.091	55	28	0	85	139	35	89	1.27e-06	54.7	67.27
contig_531_1	MCD9638427.1	57.447	47	20	0	85	131	32	78	1.36e-06	55.1	68.09
contig_531_1	KAH1131922.1	50.000	56	28	0	85	140	7	62	1.39e-06	54.3	66.07
contig_531_1	CAA6675649.1	41.667	72	32	1	63	124	17	88	1.48e-06	54.3	50.00
contig_531_1	ABR26061.1	51.852	54	25	1	89	142	2	54	1.77e-06	53.5	64.81
contig_531_1	KAK1296078.1	51.020	49	24	0	85	133	25	73	1.95e-06	55.1	67.35
contig_531_1	KAK8945651.1	50.000	56	28	0	85	140	25	80	1.98e-06	54.3	64.29
contig_531_1	KAJ3667495.1	57.447	47	20	0	85	131	61	107	2.06e-06	55.1	70.21
contig_531_1	EMS45334.1	49.057	53	26	1	90	142	1	52	2.11e-06	53.1	64.15
contig_531_1	KAI3664649.1	47.059	68	27	1	57	124	43	101	2.17e-06	54.3	54.41
contig_531_1	KAK8943971.1	57.143	42	18	0	85	126	25	66	2.32e-06	53.5	69.05
contig_531_1	KAJ7941178.1	51.786	56	27	0	85	140	163	218	2.65e-06	56.6	64.29
contig_531_1	KAD0832391.1	41.558	77	36	1	57	133	21	88	3.00e-06	55.1	53.25
contig_531_1	CAN5009043.1	41.558	77	36	1	57	133	6	73	3.07e-06	55.1	53.25
contig_531_1	KAG5222336.1	60.870	46	18	0	85	130	163	208	3.28e-06	56.2	69.57
contig_531_1	KAJ7941530.1	43.333	90	38	3	55	131	36	125	3.58e-06	55.8	51.11
contig_531_1	CAH9120726.1	48.276	58	29	1	85	142	40	96	3.69e-06	53.5	62.07
contig_531_1	KAJ3667972.1	57.447	47	20	0	85	131	68	114	3.78e-06	54.7	70.21
contig_531_1	KJB27998.1	45.161	62	33	1	80	140	17	78	3.81e-06	54.7	62.90
contig_531_1	KMT17301.1	50.000	58	24	1	85	142	932	984	4.09e-06	56.6	63.79
contig_531_1	KAJ7942126.1	48.276	58	29	1	85	142	79	135	5.76e-06	53.9	62.07
contig_531_1	RYR58473.1	57.447	47	20	0	85	131	25	71	5.91e-06	52.4	68.09
# blastp
# Iteration: 0
# Query: contig_531_2 contig=contig_531 dist_to_16S=707bp strand=-
# RID: WB7RKP8C014
# Database: nr_cluster_seq
# Fields: query acc.ver, subject acc.ver, % identity, alignment length, mismatches, gap opens, q. start, q. end, s. start, s. end, evalue, bit score, % positives
# 100 hits found
contig_531_2	KAJ4757151.1	55.856	111	29	2	1	110	1	92	6.37e-27	107	63.06
contig_531_2	CAM9471575.1	61.224	98	33	2	16	110	1	96	4.11e-25	102	68.37
contig_531_2	KAJ3671975.1	56.364	110	26	2	1	109	1	89	5.07e-25	102	61.82
contig_531_2	PHT98328.1	53.333	105	47	2	27	130	4	107	5.54e-25	107	65.71
contig_531_2	CAN0345618.1	65.517	87	25	3	27	110	2	86	1.47e-24	100	75.86
contig_531_2	KAK7296040.1	61.176	85	31	1	27	109	27	111	1.74e-22	96.3	67.06
contig_531_2	CAN4128653.1	49.153	118	50	2	23	130	148	265	6.01e-22	99.4	58.47
contig_531_2	KAJ4734198.1	72.727	66	17	1	46	110	1	66	9.79e-22	93.2	77.27
contig_531_2	KAK7296154.1	54.369	103	42	2	12	109	133	235	1.36e-21	97.4	61.17
contig_531_2	XLU98253.1	58.824	85	33	1	27	109	109	193	8.82e-21	94.4	65.88
contig_531_2	XLR47664.1	60.494	81	30	1	31	109	51	131	1.48e-20	92.0	66.67
contig_531_2	KAK7239738.1	60.976	82	30	1	30	109	49	130	2.19e-20	91.7	68.29
contig_531_2	KAL8490804.1	61.250	80	31	0	30	109	17	96	2.67e-20	93.2	66.25
contig_531_2	KAL8523968.1	61.250	80	31	0	30	109	17	96	3.59e-20	93.6	66.25
contig_531_2	XLS75030.1	59.756	82	31	1	31	110	51	132	2.46e-19	90.9	65.85
contig_531_2	KAI5424419.1	58.974	78	32	0	30	107	3	80	3.71e-19	87.8	65.38
contig_531_2	XLT76523.1	59.756	82	31	1	31	110	78	159	4.09e-19	91.7	65.85
contig_531_2	XLR00545.1	59.756	82	31	1	30	109	49	130	5.50e-19	90.5	67.07
contig_531_2	RXI09832.1	53.933	89	41	0	37	125	38	126	5.59e-19	87.8	58.43
contig_531_2	XLU30593.1	58.333	84	33	1	27	108	22	105	8.21e-19	91.3	65.48
contig_531_2	KAK9082547.1	46.602	103	53	1	7	109	43	143	1.03e-18	87.8	61.17
contig_531_2	XLT62488.1	59.756	82	31	1	30	109	49	130	1.18e-18	90.9	67.07
contig_531_2	XLT48555.1	59.756	82	31	1	30	109	49	130	1.49e-18	90.5	67.07
contig_531_2	KAH0676789.1	70.175	57	13	1	53	109	18	70	1.79e-17	82.4	75.44
contig_531_2	PHT98307.1	57.500	80	34	0	30	109	7	86	1.87e-17	89.4	63.75
contig_531_2	KAJ4730873.1	73.585	53	14	0	61	113	27	79	8.43e-17	81.3	79.25
contig_531_2	KAF3615058.1	54.878	82	35	2	30	110	7	87	3.01e-16	84.0	67.07
contig_531_2	KAM0966004.1	59.375	64	25	1	62	125	28	90	1.06e-15	78.6	68.75
contig_531_2	KAK9661790.1	58.333	72	28	1	41	110	6	77	7.55e-15	76.6	61.11
contig_531_2	KAK9907877.1	46.847	111	55	3	1	109	1	109	1.57e-14	77.4	54.95
contig_531_2	KAJ3674026.1	45.872	109	42	2	1	109	1	92	3.63e-14	74.7	53.21
contig_531_2	CAM0149128.1	60.759	79	28	3	1	76	1	79	6.40e-14	73.9	69.62
contig_531_2	KAL8526827.1	44.037	109	42	1	1	109	1	90	8.61e-14	73.6	49.54
contig_531_2	MEY2438672.1	52.174	69	33	0	63	131	1	69	1.52e-13	75.1	66.67
contig_531_2	TYG83499.1	47.573	103	34	3	18	109	324	417	1.95e-13	78.2	55.34
contig_531_2	CAL8672821.1	75.000	48	12	0	62	109	1	48	3.44e-13	75.5	79.17
contig_531_2	PPD97659.1	51.685	89	25	2	30	109	410	489	4.35e-13	77.0	57.30
contig_531_2	KAK8934664.1	63.636	55	20	0	55	109	28	82	7.74e-13	70.9	67.27
contig_531_2	CAL8630043.1	54.930	71	30	2	62	131	80	149	8.04e-13	73.9	64.79
contig_531_2	KAJ7941048.1	70.833	48	13	1	62	109	46	92	1.05e-12	70.9	79.17
contig_531_2	CAA7012815.1	65.385	52	17	1	62	113	28	78	1.63e-12	70.9	73.08
contig_531_2	KAK5769825.1	43.243	111	59	2	1	109	1	109	1.68e-12	72.8	48.65
contig_531_2	URE21816.1	76.190	42	10	0	70	111	2	43	1.71e-12	70.1	80.95
contig_531_2	KAH1083006.1	39.450	109	22	1	1	109	53	117	1.82e-12	70.9	45.87
contig_531_2	VVW91273.1	70.833	48	13	1	62	109	19	65	2.39e-12	69.3	79.17
contig_531_2	XLT62546.1	70.833	48	13	1	62	109	72	118	3.07e-12	71.2	79.17
contig_531_2	KAL4391060.1	53.623	69	32	0	41	109	50	118	3.59e-12	70.1	57.97
contig_531_2	KAK8949399.1	80.000	40	8	0	70	109	2	41	3.76e-12	68.9	82.50
contig_531_2	YP_001152215.1	80.000	40	8	0	70	109	2	41	4.03e-12	67.8	82.50
contig_531_2	KAI3674020.1	68.750	48	14	1	62	109	28	74	4.04e-12	69.7	77.08
contig_531_2	THU43026.1	63.158	57	15	1	70	120	2	58	4.38e-12	69.3	68.42
contig_531_2	CAD1818615.1	80.000	40	8	0	70	109	2	41	4.63e-12	70.1	82.50
contig_531_2	KAK8954146.1	80.000	40	8	0	70	109	2	41	4.66e-12	68.6	82.50
contig_531_2	KAK8941936.1	70.833	48	13	1	62	109	20	66	4.81e-12	69.7	79.17
contig_531_2	EGL81434.1	44.565	92	49	1	61	150	52	143	5.26e-12	70.9	53.26
contig_531_2	CAL8823494.1	66.000	50	16	1	62	111	28	76	6.43e-12	69.7	76.00
contig_531_2	KAG4937806.1	80.000	40	8	0	70	109	2	41	6.94e-12	69.3	82.50
contig_531_2	OUF98293.1	50.633	79	38	1	53	131	1	78	7.34e-12	68.9	58.23
contig_531_2	CAA7015540.1	66.667	51	16	1	62	112	28	77	7.83e-12	69.7	74.51
contig_531_2	KAK3222161.1	61.404	57	21	1	62	118	28	83	9.21e-12	71.6	70.18
contig_531_2	KAK7325648.1	70.833	48	13	1	62	109	30	76	9.37e-12	71.2	79.17
contig_531_2	XLT62498.1	53.623	69	32	0	41	109	50	118	9.64e-12	71.6	57.97
contig_531_2	TYH64668.1	68.750	48	14	1	62	109	52	98	9.71e-12	68.6	75.00
contig_531_2	RMT29295.1	44.954	109	55	4	41	146	3	109	9.73e-12	68.9	54.13
contig_531_2	GEU31956.1	68.750	48	14	1	62	109	171	217	1.01e-11	73.6	77.08
contig_531_2	CAD1835855.1	80.000	40	8	0	70	109	2	41	1.06e-11	70.1	82.50
contig_531_2	CAL8673169.1	68.750	48	14	1	62	109	28	74	1.18e-11	69.7	77.08
contig_531_2	OPS08973.1	50.633	79	38	1	53	131	16	93	1.55e-11	68.6	56.96
contig_531_2	KAK9174592.1	68.750	48	14	1	62	109	28	74	1.58e-11	69.3	77.08
contig_531_2	QCE13762.1	68.750	48	14	1	62	109	32	78	1.77e-11	67.4	79.17
contig_531_2	KAL9411676.1	66.667	48	15	1	62	109	28	74	2.02e-11	67.0	77.08
contig_531_2	CRH36183.1	46.739	92	47	2	41	131	3	93	2.15e-11	68.2	56.52
contig_531_2	CAL8676224.1	66.000	50	16	1	62	111	28	76	2.28e-11	69.3	76.00
contig_531_2	XLV03548.1	80.000	40	8	0	70	109	2	41	2.32e-11	70.1	82.50
contig_531_2	KAH0446470.1	80.000	40	8	0	70	109	35	74	2.39e-11	70.1	82.50
contig_531_2	KAK9080988.1	68.750	48	14	1	62	109	625	671	2.40e-11	72.0	77.08
contig_531_2	KLY35168.1	49.367	79	39	1	53	131	2	79	2.45e-11	67.8	59.49
contig_531_2	KAL5734284.1	77.500	40	9	0	70	109	2	41	2.49e-11	68.2	80.00
contig_531_2	KAK8963852.1	68.750	48	14	1	62	109	36	82	2.62e-11	67.8	79.17
contig_531_2	CAN4125485.1	41.818	110	19	1	1	110	1	65	2.91e-11	68.9	44.55
contig_531_2	CAN4125375.1	77.500	40	9	0	70	109	2	41	3.02e-11	67.8	80.00
contig_531_2	AAX64155.1	50.633	79	38	1	53	131	30	107	3.51e-11	67.8	56.96
contig_531_2	CAL8669744.1	64.706	51	17	1	62	112	28	77	4.87e-11	69.7	74.51
contig_531_2	KAM1669394.1	46.479	71	36	1	55	125	11	79	5.02e-11	66.2	59.15
contig_531_2	KAK3199772.1	68.750	48	14	1	62	109	28	74	5.05e-11	70.5	77.08
contig_531_2	CAL8816692.1	67.347	49	15	1	62	110	28	75	5.51e-11	68.2	75.51
contig_531_2	CAL8809340.1	68.750	48	14	1	62	109	28	74	5.68e-11	70.1	77.08
contig_531_2	CAL8815387.1	68.750	48	14	1	62	109	28	74	6.18e-11	68.6	77.08
contig_531_2	CAN4125292.1	77.500	40	9	0	70	109	2	41	6.20e-11	67.4	80.00
contig_531_2	CAL8673659.1	68.750	48	14	1	62	109	28	74	6.38e-11	70.1	77.08
contig_531_2	CAL8674203.1	68.750	48	14	1	62	109	28	74	6.88e-11	69.7	77.08
contig_531_2	CAL8671487.1	68.750	48	14	1	62	109	28	74	7.11e-11	69.3	77.08
contig_531_2	EZU73576.1	45.122	82	43	1	70	149	16	97	8.07e-11	67.0	57.32
contig_531_2	KAG6484465.1	68.750	48	14	1	62	109	117	163	8.65e-11	68.6	77.08
contig_531_2	CAL8674093.1	68.750	48	14	1	62	109	28	74	8.91e-11	68.9	77.08
contig_531_2	AOE06112.1	50.000	66	33	0	73	138	6	71	9.09e-11	65.1	62.12
contig_531_2	KAJ1681547.1	61.818	55	21	0	55	109	20	74	9.30e-11	65.5	65.45
contig_531_2	CAL8818186.1	75.000	40	10	0	70	109	2	41	9.52e-11	66.6	80.00
contig_531_2	CAL8815239.1	68.750	48	14	1	62	109	28	74	9.61e-11	68.9	77.08
contig_531_2	KAJ1681193.1	77.500	40	9	0	70	109	35	74	1.00e-10	65.1	80.00
# blastp
# Iteration: 0
# Query: contig_427_10 contig=contig_427 dist_to_16S=1611bp strand=-
# RID: WB7RKP8C014
# Database: nr_cluster_seq
# Fields: query acc.ver, subject acc.ver, % identity, alignment length, mismatches, gap opens, q. start, q. end, s. start, s. end, evalue, bit score, % positives
# 100 hits found
contig_427_10	YP_010488900.1	92.135	178	14	0	45	222	1	178	2.10e-114	334	95.51
contig_427_10	XLZ17092.1	87.640	178	22	0	45	222	1	178	2.79e-109	321	91.57
contig_427_10	YP_011051441.1	86.857	175	22	1	49	222	4	178	3.82e-104	308	93.71
contig_427_10	YP_009238145.1	83.051	177	30	0	45	221	1	177	1.29e-103	307	91.53
contig_427_10	YP_009237971.1	83.140	172	29	0	51	222	7	178	4.61e-101	300	93.02
contig_427_10	BBE24823.1	84.884	172	26	0	51	222	9	180	2.54e-100	298	90.70
contig_427_10	XII34684.1	85.119	168	25	0	55	222	8	175	2.20e-99	296	94.64
contig_427_10	YP_009491879.1	80.769	182	35	0	41	222	27	208	7.68e-99	296	89.01
contig_427_10	AMN09290.1	85.632	174	25	0	49	222	7	180	1.04e-97	292	93.10
contig_427_10	YBU85958.1	81.461	178	33	0	45	222	1	178	1.05e-97	292	89.33
contig_427_10	AMN09148.1	78.652	178	38	0	45	222	1	178	1.30e-95	286	85.96
contig_427_10	YP_009185205.1	77.586	174	38	1	50	222	8	181	4.39e-94	283	91.95
contig_427_10	YP_009238245.1	86.228	167	23	0	56	222	9	175	3.85e-93	280	95.21
contig_427_10	AYQ94789.1	78.488	172	37	0	51	222	5	176	2.45e-92	278	88.95
contig_427_10	YP_009238418.1	82.558	172	30	0	51	222	9	180	6.90e-92	277	91.86
contig_427_10	AYQ94649.1	75.595	168	41	0	55	222	1	168	1.26e-90	273	90.48
contig_427_10	AMN09218.1	76.647	167	39	0	56	222	11	177	6.06e-90	272	89.22
contig_427_10	AYQ94593.1	75.000	180	41	2	44	222	4	180	1.22e-88	269	85.00
contig_427_10	YP_010564953.1	77.381	168	37	1	56	222	18	185	3.33e-88	268	89.29
contig_427_10	YP_009184894.1	72.254	173	48	0	50	222	3	175	2.00e-87	266	86.13
contig_427_10	ALO20917.1	75.000	168	42	0	55	222	4	171	3.02e-87	265	89.29
contig_427_10	XRL75183.1	78.443	167	35	1	55	220	5	171	4.50e-87	265	89.82
contig_427_10	ALO63336.1	76.647	167	38	1	55	220	5	171	7.36e-87	264	89.82
contig_427_10	AXB71888.1	74.251	167	43	0	56	222	5	171	5.62e-86	262	88.62
contig_427_10	YP_009185086.1	77.844	167	36	1	55	220	4	170	5.94e-86	262	89.22
contig_427_10	YP_009184570.1	71.512	172	49	0	51	222	6	177	9.15e-86	261	88.37
contig_427_10	YP_005089811.1	74.556	169	42	1	55	222	2	170	1.66e-84	258	87.57
contig_427_10	ALO63182.1	75.000	168	41	1	55	221	4	171	2.81e-84	258	87.50
contig_427_10	ALO21088.1	75.439	171	41	1	52	222	3	172	3.89e-84	257	87.72
contig_427_10	YP_009632781.1	75.460	163	40	0	60	222	10	172	4.61e-84	257	90.18
contig_427_10	NP_958410.1	72.159	176	48	1	45	220	1	175	6.60e-84	257	86.93
contig_427_10	YP_009185286.1	74.556	169	42	1	55	222	4	172	9.62e-83	254	88.76
contig_427_10	YP_009238039.1	78.107	169	37	0	54	222	10	178	1.04e-81	251	87.57
contig_427_10	ALO21442.1	81.410	156	29	0	67	222	1	156	2.29e-81	249	93.59
contig_427_10	AXH37902.1	72.289	166	46	0	56	221	5	170	1.02e-80	249	84.94
contig_427_10	ALO21225.1	75.758	165	39	1	55	218	4	168	1.43e-80	248	86.06
contig_427_10	YAF77432.1	75.740	169	41	0	54	222	6	174	4.04e-80	247	86.39
contig_427_10	WLG71309.1	73.054	167	45	0	56	222	23	189	4.67e-80	248	87.43
contig_427_10	ABU88286.1	76.190	168	39	1	56	222	5	172	6.26e-80	246	88.10
contig_427_10	UZA61363.1	68.132	182	48	1	39	220	34	205	3.03e-79	246	80.77
contig_427_10	YP_009184804.1	74.850	167	42	0	56	222	11	177	3.77e-79	245	86.23
contig_427_10	ALO21284.1	77.922	154	34	0	67	220	22	175	6.06e-79	244	90.26
contig_427_10	XRL74965.1	73.292	161	43	0	60	220	4	164	7.10e-79	244	87.58
contig_427_10	ALO21347.1	73.054	167	44	1	55	220	4	170	7.48e-79	244	85.63
contig_427_10	YP_009184716.1	70.833	168	49	0	55	222	1	168	6.31e-78	241	84.52
contig_427_10	AYQ95058.1	72.393	163	45	0	60	222	7	169	6.53e-78	241	84.66
contig_427_10	YP_009238077.1	68.605	172	54	0	51	222	5	176	2.69e-77	240	82.56
contig_427_10	ALO20862.1	70.349	172	49	2	51	220	5	176	3.94e-77	239	85.47
contig_427_10	UZA61448.1	73.214	168	41	1	55	218	2	169	8.11e-77	239	86.31
contig_427_10	YP_010564986.1	69.091	165	50	1	56	219	5	169	4.92e-76	237	84.85
contig_427_10	XRL74915.1	70.186	161	48	0	60	220	7	167	7.72e-76	236	86.34
contig_427_10	YP_009632816.1	73.377	154	41	0	67	220	23	176	2.81e-75	235	88.96
contig_427_10	WCO87397.1	73.684	171	44	1	52	222	3	172	7.18e-75	234	84.80
contig_427_10	AYQ94513.1	65.896	173	59	0	50	222	4	176	7.26e-75	234	83.24
contig_427_10	AYQ94739.1	64.327	171	61	0	52	222	7	177	1.24e-74	233	83.63
contig_427_10	AYQ94196.1	68.485	165	52	0	56	220	5	169	1.46e-74	233	84.85
contig_427_10	YP_009632304.1	64.706	170	60	0	52	221	7	176	1.60e-74	233	82.94
contig_427_10	WP_444832151.1	70.122	164	47	1	59	220	5	168	3.39e-73	229	83.54
contig_427_10	XRL75278.1	68.235	170	52	1	52	219	4	173	1.87e-72	228	86.47
contig_427_10	AYQ94851.1	60.947	169	66	0	52	220	12	180	2.16e-70	223	81.66
contig_427_10	UZA61408.1	71.812	149	42	0	72	220	1	149	2.39e-69	219	87.25
contig_427_10	WGT92452.1	72.297	148	40	1	45	192	1	147	5.83e-65	208	85.14
contig_427_10	AYQ94241.1	59.509	163	66	0	59	221	19	181	1.44e-63	206	80.37
contig_427_10	YP_009185015.1	59.877	162	65	0	58	219	9	170	9.54e-63	203	79.01
contig_427_10	YP_003227034.1	63.889	180	63	2	45	222	1	180	1.48e-62	203	76.67
contig_427_10	YP_010987556.1	58.333	168	69	1	56	222	9	176	1.68e-62	202	81.55
contig_427_10	AYQ94944.1	61.047	172	67	0	51	222	6	177	2.16e-59	195	78.49
contig_427_10	ANB40200.1	57.229	166	70	1	58	222	13	178	1.05e-57	191	83.73
contig_427_10	YP_009105170.1	53.488	172	80	0	51	222	6	177	2.53e-57	189	73.26
contig_427_10	QIZ73994.1	55.491	173	77	0	50	222	5	177	3.63e-57	189	79.19
contig_427_10	YP_009774569.1	56.471	170	74	0	53	222	1	170	2.81e-56	186	80.59
contig_427_10	YP_009105443.1	53.529	170	79	0	51	220	6	175	5.17e-55	184	72.94
contig_427_10	YP_009104900.1	55.030	169	76	0	52	220	17	185	1.38e-54	183	71.60
contig_427_10	AYQ95329.1	57.055	163	70	0	60	222	16	178	1.50e-54	182	80.98
contig_427_10	YP_009106173.1	52.632	171	81	0	50	220	5	175	2.89e-54	182	70.18
contig_427_10	AIY30184.1	53.254	169	79	0	52	220	18	186	1.24e-53	181	69.23
contig_427_10	YP_009105093.1	50.877	171	84	0	52	222	14	184	1.99e-53	180	70.18
contig_427_10	YP_009105684.1	52.542	177	83	1	44	220	4	179	1.29e-52	177	67.80
contig_427_10	ABX82654.1	50.273	183	89	1	40	220	3	185	2.51e-52	177	66.67
contig_427_10	YP_010388669.1	60.284	141	56	0	64	204	13	153	7.79e-52	176	80.14
contig_427_10	AIT94555.1	52.353	170	81	0	51	220	6	175	1.77e-50	172	69.41
contig_427_10	YP_010500050.1	48.128	187	92	1	40	221	2	188	6.85e-50	171	70.05
contig_427_10	YP_009105925.1	51.765	170	82	0	51	220	10	179	1.20e-49	170	68.24
contig_427_10	ACQ90746.1	53.293	167	78	0	55	221	10	176	5.01e-49	168	69.46
contig_427_10	YP_009106407.1	51.553	161	78	0	60	220	22	182	1.72e-48	167	73.91
contig_427_10	YP_009367561.1	47.929	169	85	1	52	217	3	171	3.70e-48	166	72.19
contig_427_10	YP_010732073.1	44.571	175	97	0	48	222	3	177	6.52e-48	166	68.57
contig_427_10	YP_009104952.1	46.821	173	92	0	48	220	3	175	2.46e-47	164	68.21
contig_427_10	AWX53458.1	56.886	167	72	0	54	220	3	169	2.96e-47	164	72.46
contig_427_10	YP_009105919.1	47.368	171	90	0	50	220	9	179	3.01e-47	164	70.18
contig_427_10	YP_010731981.1	42.929	198	109	1	24	221	7	200	7.18e-46	161	63.13
contig_427_10	YP_009367916.1	48.101	158	82	0	58	215	12	169	1.24e-45	160	70.89
contig_427_10	AKZ21112.1	51.176	170	83	0	51	220	6	175	3.31e-45	159	71.18
contig_427_10	BCT02540.1	50.847	177	86	1	47	222	1	177	8.78e-45	157	68.36
contig_427_10	YP_010731930.1	43.575	179	95	1	42	220	3	175	1.13e-43	155	64.25
contig_427_10	XMN73053.1	48.235	170	87	1	51	220	16	184	1.13e-43	155	68.24
contig_427_10	YP_009106051.1	49.711	173	87	0	50	222	5	177	8.39e-43	152	68.21
contig_427_10	YP_009106562.1	47.619	168	88	0	55	222	14	181	9.50e-43	152	64.29
contig_427_10	ASN77482.1	49.412	170	86	0	51	220	5	174	1.57e-42	152	67.65
contig_427_10	YP_009367568.1	50.303	165	82	0	58	222	17	181	4.94e-42	150	67.88
# blastp
# Iteration: 0
# Query: contig_427_11 contig=contig_427 dist_to_16S=745bp strand=-
# RID: WB7RKP8C014
# Database: nr_cluster_seq
# Fields: query acc.ver, subject acc.ver, % identity, alignment length, mismatches, gap opens, q. start, q. end, s. start, s. end, evalue, bit score, % positives
# 100 hits found
contig_427_11	YP_009185204.1	98.780	82	1	0	1	82	44	125	7.42e-47	155	100.00
contig_427_11	YP_009184803.1	98.780	82	1	0	1	82	12	93	1.26e-46	154	100.00
contig_427_11	YP_009106050.1	96.341	82	3	0	1	82	49	130	4.74e-46	153	100.00
contig_427_11	YP_009106792.1	96.341	82	3	0	1	82	37	118	4.79e-46	153	100.00
contig_427_11	NP_958409.1	98.765	81	1	0	1	81	1	81	7.86e-46	151	98.77
contig_427_11	YP_009106563.1	96.341	82	3	0	1	82	17	98	8.75e-46	152	100.00
contig_427_11	ALO63183.1	98.765	81	1	0	1	81	15	95	1.92e-45	150	100.00
contig_427_11	YP_009106835.1	96.296	81	3	0	1	81	36	116	2.31e-45	151	100.00
contig_427_11	YP_009184715.1	98.765	81	1	0	1	81	29	109	3.11e-45	150	100.00
contig_427_11	UIO59411.1	96.250	80	3	0	1	80	37	116	9.07e-45	150	100.00
contig_427_11	YP_011053364.1	91.463	82	7	0	1	82	18	99	2.04e-44	148	100.00
contig_427_11	AOC61399.1	90.244	82	8	0	1	82	18	99	2.02e-43	145	98.78
contig_427_11	AID67826.1	88.889	81	9	0	1	81	27	107	2.34e-41	140	96.30
contig_427_11	NP_050736.1	86.585	82	11	0	1	82	1	82	1.48e-40	138	93.90
contig_427_11	YP_009057533.1	87.654	81	10	0	1	81	1	81	2.04e-40	137	96.30
contig_427_11	OAY68049.1	86.250	80	11	0	1	80	23	102	2.22e-40	138	96.25
contig_427_11	KAI3670145.1	84.146	82	13	0	1	82	1	82	2.65e-40	142	93.90
contig_427_11	BAH11228.1	86.250	80	11	0	1	80	32	111	3.04e-40	138	96.25
contig_427_11	THU43389.1	86.250	80	11	0	1	80	46	125	3.62e-40	138	96.25
contig_427_11	XKI40621.1	87.500	80	10	0	1	80	1	80	3.90e-40	137	96.25
contig_427_11	XKI40711.1	87.500	80	10	0	1	80	1	80	4.59e-40	137	96.25
contig_427_11	KAI3674031.1	86.250	80	11	0	1	80	36	115	4.93e-40	137	96.25
contig_427_11	YP_717248.1	84.146	82	13	0	1	82	20	101	5.36e-40	137	91.46
contig_427_11	KAB5511204.1	86.250	80	11	0	1	80	49	128	6.15e-40	138	96.25
contig_427_11	KAK7233551.1	86.250	80	11	0	1	80	1	80	6.98e-40	140	96.25
contig_427_11	AOX13281.2	86.250	80	11	0	1	80	29	108	7.06e-40	137	96.25
contig_427_11	KAK1430151.1	86.250	80	11	0	1	80	31	110	7.42e-40	137	96.25
contig_427_11	XP_050896631.1	86.250	80	11	0	1	80	25	104	8.78e-40	137	95.00
contig_427_11	MED6200727.1	86.250	80	11	0	1	80	14	93	1.02e-39	136	95.00
contig_427_11	YP_011088894.1	86.250	80	11	0	1	80	17	96	1.14e-39	136	96.25
contig_427_11	XP_049387500.1	86.250	80	11	0	1	80	98	177	1.31e-39	139	96.25
contig_427_11	KAD4981683.1	86.250	80	11	0	1	80	93	172	1.39e-39	138	96.25
contig_427_11	XP_042043440.1	86.250	80	11	0	1	80	65	144	1.50e-39	137	96.25
contig_427_11	YP_009108382.1	85.000	80	12	0	1	80	1	80	2.01e-39	139	95.00
contig_427_11	WP_019499101.1	87.654	81	10	0	1	81	1	81	2.03e-39	135	92.59
contig_427_11	TYJ49672.1	83.750	80	13	0	1	80	17	96	2.07e-39	135	95.00
contig_427_11	KAK1576812.1	85.000	80	12	0	1	80	21	100	2.21e-39	135	96.25
contig_427_11	KAL6491575.1	83.750	80	13	0	1	80	2	81	2.49e-39	137	95.00
contig_427_11	KAJ9535617.1	85.185	81	12	0	1	81	1	81	2.89e-39	139	96.30
contig_427_11	GLL25508.1	87.500	80	10	0	1	80	1177	1256	4.80e-39	147	96.25
contig_427_11	WP_011130839.1	87.654	81	10	0	1	81	1	81	5.00e-39	134	91.36
contig_427_11	WP_193972048.1	83.951	81	13	0	1	81	1	81	5.25e-39	134	91.36
contig_427_11	GLL25471.1	87.500	80	10	0	1	80	1172	1251	5.60e-39	147	96.25
contig_427_11	KAJ4700244.1	86.250	80	11	0	1	80	425	504	5.76e-39	145	96.25
contig_427_11	THU42938.1	86.250	80	11	0	1	80	105	184	6.28e-39	137	96.25
contig_427_11	KAK7322316.1	87.500	80	10	0	1	80	141	220	6.57e-39	138	96.25
contig_427_11	NP_050831.1	85.366	82	12	0	1	82	1	82	6.95e-39	134	93.90
contig_427_11	THU42661.1	86.250	80	11	0	1	80	207	286	9.52e-39	140	96.25
contig_427_11	ONK65900.1	86.250	80	11	0	1	80	137	216	1.07e-38	137	96.25
contig_427_11	CAK9190000.1	86.250	80	11	0	1	80	1414	1493	1.47e-38	146	96.25
contig_427_11	VFR01803.1	86.250	80	11	0	1	80	230	309	1.69e-38	140	95.00
contig_427_11	YP_009550185.1	82.716	81	14	0	1	81	1	81	1.93e-38	132	92.59
contig_427_11	XP_052302213.1	86.250	80	11	0	1	80	196	275	1.99e-38	139	96.25
contig_427_11	ABM77231.1	87.654	81	10	0	1	81	41	121	2.23e-38	134	91.36
contig_427_11	ALO20894.1	83.750	80	13	0	1	80	3	82	2.23e-38	132	95.00
contig_427_11	YP_009139367.1	83.750	80	13	0	2	81	4	83	2.69e-38	132	93.75
contig_427_11	YP_003359230.1	79.268	82	17	0	1	82	1	82	2.71e-38	132	91.46
contig_427_11	CAK9250059.1	86.250	80	11	0	1	80	1244	1323	3.31e-38	145	96.25
contig_427_11	KAJ0030657.1	86.250	80	11	0	1	80	250	329	3.81e-38	139	96.25
contig_427_11	AIG89848.1	81.707	82	15	0	1	82	1	82	4.38e-38	133	93.90
contig_427_11	KAL9356013.1	81.707	82	15	0	1	82	1	82	4.90e-38	132	92.68
contig_427_11	KAH7663539.1	82.500	80	14	0	1	80	31	110	5.28e-38	132	95.00
contig_427_11	GMN21505.1	86.250	80	11	0	1	80	272	351	6.91e-38	139	96.25
contig_427_11	GMN67377.1	86.250	80	11	0	1	80	2021	2100	7.61e-38	144	96.25
contig_427_11	NP_041926.1	80.000	80	16	0	1	80	1	80	7.98e-38	131	92.50
contig_427_11	QYB18895.1	82.716	81	14	0	1	81	1	81	9.31e-38	131	92.59
contig_427_11	AYD72417.1	100.000	68	0	0	15	82	3	70	1.19e-37	130	100.00
contig_427_11	KAJ7963924.1	83.750	80	13	0	1	80	24	103	1.25e-37	131	93.75
contig_427_11	CAN5950028.1	86.250	80	11	0	1	80	1109	1188	1.27e-37	144	96.25
contig_427_11	WP_015169385.1	78.049	82	18	0	1	82	1	82	2.55e-37	130	93.90
contig_427_11	MEO1184416.1	81.707	82	15	0	1	82	1	82	3.66e-37	129	89.02
contig_427_11	PHT97211.1	82.500	80	14	0	1	80	124	203	3.76e-37	133	95.00
contig_427_11	WP_094535410.1	80.247	81	16	0	1	81	1	81	5.89e-37	129	91.36
contig_427_11	WP_006516215.1	79.012	81	17	0	1	81	1	81	6.57e-37	129	91.36
contig_427_11	KAL6645239.1	87.500	80	10	0	1	80	449	528	7.03e-37	140	96.25
contig_427_11	XP_057548592.1	86.250	80	11	0	1	80	243	322	7.26e-37	136	95.00
contig_427_11	KAI3670193.1	84.146	82	13	0	1	82	1	82	8.49e-37	140	93.90
contig_427_11	ABX09505.1	85.185	81	12	0	1	81	30	110	1.08e-36	129	90.12
contig_427_11	AID67420.1	80.488	82	16	0	1	82	1	82	1.38e-36	128	90.24
contig_427_11	CAM6042393.1	81.250	80	15	0	1	80	40	119	1.46e-36	129	91.25
contig_427_11	KAH7415235.1	83.544	79	13	0	2	80	92	170	1.52e-36	130	92.41
contig_427_11	XP_057842418.2	78.750	80	17	0	1	80	1	80	1.93e-36	127	90.00
contig_427_11	KAF3776839.1	86.250	80	11	0	1	80	1	80	2.74e-36	139	96.25
contig_427_11	YP_009546017.1	81.250	80	15	0	1	80	1	80	3.52e-36	127	91.25
contig_427_11	KAF7042842.1	78.750	80	17	0	1	80	1	80	4.06e-36	127	87.50
contig_427_11	QES95265.1	75.610	82	20	0	1	82	1	82	4.27e-36	127	91.46
contig_427_11	WP_015136207.1	81.481	81	15	0	1	81	1	81	5.40e-36	126	88.89
contig_427_11	KAG6382270.1	86.250	80	11	0	1	80	638	717	5.50e-36	139	96.25
contig_427_11	WLD05942.1	78.049	82	18	0	1	82	1	82	5.56e-36	126	91.46
contig_427_11	YP_009497606.1	77.500	80	18	0	1	80	1	80	9.63e-36	125	90.00
contig_427_11	YP_011059275.1	80.000	80	16	0	1	80	1	80	1.02e-35	125	91.25
contig_427_11	TKY53179.1	80.000	80	16	0	1	80	50	129	1.15e-35	127	90.00
contig_427_11	BBC77652.1	76.250	80	19	0	1	80	2	81	1.33e-35	125	91.25
contig_427_11	WP_255110514.1	81.481	81	15	0	1	81	1	81	1.66e-35	125	90.12
contig_427_11	WP_106290401.1	81.481	81	15	0	1	81	1	81	1.83e-35	125	87.65
contig_427_11	CDY40490.1	85.897	78	11	0	3	80	45	122	1.90e-35	126	93.59
contig_427_11	YP_009689229.1	75.949	79	19	0	2	80	3	81	2.17e-35	125	93.67
contig_427_11	TYH57927.1	76.250	80	19	0	1	80	6	85	2.31e-35	125	90.00
contig_427_11	CAN6472615.1	77.500	80	18	0	1	80	1	80	2.74e-35	124	87.50
contig_427_11	WP_015231044.1	80.247	81	16	0	1	81	1	81	3.09e-35	124	87.65
# blastp
# Iteration: 0
# Query: contig_1504_61 contig=contig_1504 dist_to_16S=632bp strand=+
# RID: WB7RKP8C014
# Database: nr_cluster_seq
# Fields: query acc.ver, subject acc.ver, % identity, alignment length, mismatches, gap opens, q. start, q. end, s. start, s. end, evalue, bit score, % positives
# 100 hits found
contig_1504_61	NP_045800.2	92.842	461	33	0	1	461	1	461	0.0	863	96.53
contig_1504_61	QJE70469.1	88.889	486	29	1	1	461	1	486	0.0	856	92.39
contig_1504_61	YP_009139334.1	87.202	461	59	0	1	461	1	461	0.0	843	94.58
contig_1504_61	CAL6437952.1	88.503	461	53	0	1	461	853	1313	0.0	829	95.01
contig_1504_61	OUU77784.1	88.286	461	54	0	1	461	1	461	0.0	827	95.23
contig_1504_61	YP_002601065.1	88.286	461	54	0	1	461	1	461	0.0	825	94.36
contig_1504_61	KAL4852805.1	92.908	423	30	0	10	432	240	662	0.0	824	96.45
contig_1504_61	YP_009532719.1	86.551	461	62	0	1	461	1	461	0.0	822	93.93
contig_1504_61	NP_683824.3	87.852	461	56	0	1	461	1	461	0.0	819	94.79
contig_1504_61	YP_009541019.1	87.636	461	57	0	1	461	13	473	0.0	818	94.14
contig_1504_61	YP_009057462.1	86.551	461	62	0	1	461	23	483	0.0	818	94.14
contig_1504_61	NP_904095.1	87.202	461	59	0	1	461	13	473	0.0	815	95.23
contig_1504_61	CAL8676416.1	86.334	461	63	0	1	461	86	546	0.0	813	94.79
contig_1504_61	YP_009256644.1	86.551	461	62	0	1	461	13	473	0.0	813	93.71
contig_1504_61	ASQ39813.1	84.165	461	73	0	1	461	13	473	0.0	811	92.41
contig_1504_61	KAF8046048.1	86.334	461	63	0	1	461	186	646	0.0	811	94.79
contig_1504_61	OUS44431.1	87.973	449	54	0	13	461	349	797	0.0	806	95.10
contig_1504_61	YP_009646447.1	86.117	461	64	0	1	461	1	461	0.0	803	92.62
contig_1504_61	NP_043248.3	83.080	461	78	0	1	461	1	461	0.0	803	91.76
contig_1504_61	XLT62426.1	86.830	448	59	0	14	461	350	797	0.0	798	95.54
contig_1504_61	CAJ1917191.1	84.416	462	71	1	1	461	98	559	0.0	795	93.72
contig_1504_61	NP_039295.1	87.636	461	57	0	1	461	13	473	0.0	795	95.01
contig_1504_61	YP_009340886.1	86.117	461	64	0	1	461	13	473	0.0	792	93.93
contig_1504_61	YP_009519080.1	86.607	448	60	0	14	461	48	495	0.0	791	93.08
contig_1504_61	NP_569625.2	86.551	461	62	0	1	461	13	473	0.0	790	95.01
contig_1504_61	KAK7370281.1	86.517	445	60	0	17	461	433	877	0.0	789	95.51
contig_1504_61	CAI9260255.1	86.739	460	61	0	1	460	13	472	0.0	788	95.00
contig_1504_61	KAL5096079.1	87.302	441	56	0	13	453	251	691	0.0	786	95.46
contig_1504_61	XP_024040986.1	86.710	459	61	0	3	461	243	701	0.0	786	94.77
contig_1504_61	AYC63996.1	87.965	457	55	0	5	461	41	497	0.0	786	93.22
contig_1504_61	YP_009673717.1	83.514	461	76	0	1	461	13	473	0.0	783	92.19
contig_1504_61	KAD4981701.1	85.900	461	63	1	1	461	287	745	0.0	782	94.14
contig_1504_61	YP_009297214.1	81.562	461	85	0	1	461	23	483	0.0	781	92.62
contig_1504_61	UXD06372.1	87.419	461	55	2	1	461	13	470	0.0	780	94.36
contig_1504_61	YP_009582616.1	85.466	461	67	0	1	461	13	473	0.0	780	94.14
contig_1504_61	WP_297083040.1	83.297	461	77	0	1	461	1	461	0.0	778	91.97
contig_1504_61	WP_404786503.1	83.514	461	76	0	1	461	1	461	0.0	777	91.11
contig_1504_61	KAD4981686.1	86.475	451	61	0	11	461	150	600	0.0	776	94.90
contig_1504_61	KAH9530468.1	85.249	461	68	0	1	461	13	473	0.0	775	92.41
contig_1504_61	YP_009512075.1	84.665	463	68	2	1	461	13	474	0.0	775	90.71
contig_1504_61	AET49436.1	86.860	449	59	0	1	449	13	461	0.0	775	95.10
contig_1504_61	YP_009519434.1	83.925	479	59	2	1	461	27	505	0.0	772	89.56
contig_1504_61	KAJ0585251.1	86.384	448	61	0	1	448	126	573	0.0	771	95.31
contig_1504_61	WP_208674403.1	82.430	461	81	0	1	461	1	461	0.0	769	91.32
contig_1504_61	NP_043688.2	81.345	461	84	1	1	461	1	459	0.0	768	90.67
contig_1504_61	WP_239651877.1	82.684	462	79	1	1	461	1	462	0.0	768	90.48
contig_1504_61	WP_190414496.1	82.251	462	81	1	1	461	1	462	0.0	768	91.34
contig_1504_61	AJM90116.1	83.519	449	74	0	13	461	1	449	0.0	767	91.98
contig_1504_61	WP_332863104.1	83.519	449	74	0	13	461	12	460	0.0	766	92.87
contig_1504_61	KAL5070639.1	86.571	417	56	0	13	429	143	559	0.0	765	95.20
contig_1504_61	MGP1381965.1	82.646	461	78	1	1	461	1	459	0.0	763	90.02
contig_1504_61	WP_071518276.1	84.430	456	71	0	6	461	7	462	0.0	762	92.76
contig_1504_61	MHK6032424.1	81.345	461	85	1	1	461	1	460	0.0	762	90.67
contig_1504_61	WP_190803242.1	81.128	461	86	1	1	461	1	460	0.0	761	90.67
contig_1504_61	NP_050677.2	80.477	461	90	0	1	461	13	473	0.0	760	91.11
contig_1504_61	KAG2282787.1	82.430	461	61	2	1	461	246	686	0.0	760	90.24
contig_1504_61	CAN0147667.1	77.849	465	96	2	1	461	27	488	0.0	759	88.60
contig_1504_61	BBD21655.1	86.093	453	63	0	9	461	26	478	0.0	759	94.04
contig_1504_61	PSP17606.1	81.602	462	84	1	1	461	1	462	0.0	759	90.26
contig_1504_61	BCG67769.1	80.778	463	87	1	1	461	23	485	0.0	758	91.58
contig_1504_61	KAJ1682015.1	87.361	451	57	0	11	461	200	650	0.0	757	95.57
contig_1504_61	KAJ1682092.1	87.361	451	57	0	11	461	128	578	0.0	757	95.57
contig_1504_61	YP_009019355.1	91.155	407	36	0	55	461	1	407	0.0	757	96.81
contig_1504_61	YP_010337084.1	81.128	461	87	0	1	461	19	479	0.0	757	92.41
contig_1504_61	WP_026086272.1	82.851	449	77	0	13	461	4	452	0.0	757	91.98
contig_1504_61	WP_229452459.1	83.073	449	76	0	13	461	21	469	0.0	756	91.54
contig_1504_61	KAJ9535228.1	87.140	451	58	0	11	461	69	519	0.0	756	95.57
contig_1504_61	YP_008145490.1	80.043	461	90	1	1	461	27	485	0.0	756	90.89
contig_1504_61	MBF2098112.1	80.477	461	88	1	1	461	1	459	0.0	756	90.67
contig_1504_61	YP_010152798.1	79.826	461	89	1	1	461	27	483	0.0	755	90.24
contig_1504_61	WP_197984840.1	81.898	453	82	0	9	461	2	454	0.0	754	91.17
contig_1504_61	KAG6483930.1	87.359	443	56	0	18	460	1236	1678	0.0	754	95.03
contig_1504_61	WP_224412506.1	81.602	462	84	1	1	461	1	462	0.0	753	90.04
contig_1504_61	KAJ0427350.1	86.918	451	59	0	11	461	261	711	0.0	753	95.34
contig_1504_61	KAJ1680553.1	87.892	446	54	0	11	456	200	645	0.0	753	95.96
contig_1504_61	WP_448574299.1	82.000	450	81	0	12	461	3	452	0.0	753	91.56
contig_1504_61	WP_224341169.1	82.646	461	80	0	1	461	1	461	0.0	753	91.76
contig_1504_61	WP_156331551.1	82.040	451	81	0	11	461	2	452	0.0	752	90.69
contig_1504_61	WP_445103811.1	80.477	461	90	0	1	461	1	461	0.0	752	90.02
contig_1504_61	CAM9221939.1	79.605	456	93	0	6	461	296	751	0.0	751	90.35
contig_1504_61	NP_043010.1	84.816	461	70	0	1	461	13	473	0.0	751	93.93
contig_1504_61	CAM9784111.1	79.393	461	92	1	1	461	26	483	0.0	751	90.24
contig_1504_61	KAG6539946.1	87.816	435	53	0	27	461	274	708	0.0	751	94.94
contig_1504_61	NP_041892.1	82.863	461	79	0	1	461	1	461	0.0	751	89.37
contig_1504_61	NP_849003.2	81.779	461	81	1	1	461	14	471	0.0	750	91.32
contig_1504_61	AWX53277.1	83.224	459	74	2	3	461	2	457	0.0	750	91.07
contig_1504_61	TRT81254.1	82.965	452	77	0	10	461	343	794	0.0	749	92.04
contig_1504_61	MBU6186236.1	80.303	462	90	1	1	461	1	462	0.0	749	89.83
contig_1504_61	WP_449419301.1	80.260	461	89	1	1	461	1	459	0.0	749	89.80
contig_1504_61	WP_201321208.1	80.087	462	91	1	1	461	1	462	0.0	748	88.74
contig_1504_61	YP_009051018.1	82.213	461	82	0	1	461	13	473	0.0	748	91.54
contig_1504_61	MBC6478947.1	80.043	461	92	0	1	461	2	462	0.0	748	89.59
contig_1504_61	WP_157462412.1	81.514	449	83	0	13	461	6	454	0.0	747	91.09
contig_1504_61	MFN3926025.1	79.654	462	93	1	1	461	1	462	0.0	746	89.61
contig_1504_61	WP_421656922.1	79.654	462	93	1	1	461	1	462	0.0	746	89.18
contig_1504_61	KAL5645051.1	87.162	444	57	0	13	456	265	708	0.0	745	95.27
contig_1504_61	KAL5641835.1	87.162	444	57	0	13	456	350	793	0.0	745	95.27
contig_1504_61	WP_324702176.1	80.260	461	90	1	1	461	1	460	0.0	745	89.15
contig_1504_61	MFN3360196.1	79.221	462	95	1	1	461	1	462	0.0	745	89.39
contig_1504_61	YP_007476283.1	80.260	461	91	0	1	461	27	487	0.0	745	91.54
# blastp
# Iteration: 0
# Query: contig_1504_62 contig=contig_1504 dist_to_16S=139bp strand=+
# RID: WB7RKP8C014
# Database: nr_cluster_seq
# Fields: query acc.ver, subject acc.ver, % identity, alignment length, mismatches, gap opens, q. start, q. end, s. start, s. end, evalue, bit score, % positives
# 9 hits found
contig_1504_62	YP_009629475.1	63.256	215	79	0	7	221	18	232	1.81e-94	286	76.28
contig_1504_62	WVK96909.1	23.721	215	136	8	13	219	37	231	2.28e-06	58.9	42.33
contig_1504_62	OGI31413.1	28.641	206	99	7	25	219	30	198	3.17e-06	57.8	41.26
contig_1504_62	MBU3964144.1	26.316	209	106	7	24	221	29	200	1.21e-04	53.5	41.15
contig_1504_62	YP_684375.1	35.577	104	58	4	118	221	123	217	0.001	51.2	50.96
contig_1504_62	UHB41921.1	35.714	98	58	3	126	221	165	259	0.001	50.8	51.02
contig_1504_62	MHK3170591.1	25.882	170	96	6	24	183	8	157	0.001	50.4	41.76
contig_1504_62	MHJ8881727.1	28.467	137	70	5	25	153	9	125	0.007	47.4	40.88
contig_1504_62	MHD4569992.1	23.077	130	75	3	71	185	53	172	0.033	46.6	46.15
# blastp
# Iteration: 0
# Query: contig_3677_50 contig=contig_3677 dist_to_16S=138bp strand=-
# RID: WB7RKP8C014
# Database: nr_cluster_seq
# Fields: query acc.ver, subject acc.ver, % identity, alignment length, mismatches, gap opens, q. start, q. end, s. start, s. end, evalue, bit score, % positives
# 9 hits found
contig_3677_50	YP_009629475.1	63.256	215	79	0	7	221	18	232	1.81e-94	286	76.28
contig_3677_50	WVK96909.1	23.721	215	136	8	13	219	37	231	2.28e-06	58.9	42.33
contig_3677_50	OGI31413.1	28.641	206	99	7	25	219	30	198	3.17e-06	57.8	41.26
contig_3677_50	MBU3964144.1	26.316	209	106	7	24	221	29	200	1.21e-04	53.5	41.15
contig_3677_50	YP_684375.1	35.577	104	58	4	118	221	123	217	0.001	51.2	50.96
contig_3677_50	UHB41921.1	35.714	98	58	3	126	221	165	259	0.001	50.8	51.02
contig_3677_50	MHK3170591.1	25.882	170	96	6	24	183	8	157	0.001	50.4	41.76
contig_3677_50	MHJ8881727.1	28.467	137	70	5	25	153	9	125	0.007	47.4	40.88
contig_3677_50	MHD4569992.1	23.077	130	75	3	71	185	53	172	0.033	46.6	46.15


